Time (ps)	Intensity (cps)
0	2
9.8106	11
19.6212	18
29.4318	13
39.2424	10
49.0530	8
58.8636	9
68.6742	9
78.4848	10
88.2954	6
98.1060	6
107.9166	10
117.7272	13
127.5378	5
137.3484	12
147.1590	7
156.9696	9
166.7802	13
176.5908	6
186.4014	11
196.2120	5
206.0226	5
215.8332	4
225.6438	7
235.4544	10
245.2650	6
255.0756	12
264.8862	11
274.6968	4
284.5074	11
294.3180	15
304.1286	11
313.9392	8
323.7498	9
333.5604	7
343.3710	5
353.1816	11
362.9922	10
372.8028	12
382.6134	14
392.4240	7
402.2346	7
412.0452	8
421.8558	12
431.6664	5
441.4770	10
451.2876	5
461.0982	7
470.9088	14
480.7194	4
490.5300	8
500.3406	10
510.1512	6
519.9618	12
529.7724	14
539.5830	13
549.3936	3
559.2042	9
569.0148	5
578.8254	10
588.6360	7
598.4466	6
608.2572	5
618.0678	12
627.8784	5
637.6890	6
647.4996	5
657.3102	7
667.1208	5
676.9314	9
686.7420	7
696.5526	6
706.3632	7
716.1738	11
725.9844	5
735.7950	16
745.6056	12
755.4162	10
765.2268	8
775.0374	8
784.8480	4
794.6586	11
804.4692	8
814.2798	15
824.0904	8
833.9010	7
843.7116	9
853.5222	5
863.3328	10
873.1434	8
882.9540	5
892.7646	10
902.5752	6
912.3858	5
922.1964	7
932.0070	6
941.8176	12
951.6282	10
961.4388	5
971.2494	4
981.0600	5
990.8706	11
1000.6812	8
1010.4918	7
1020.3024	7
1030.1130	10
1039.9236	4
1049.7342	10
1059.5448	5
1069.3554	7
1079.1660	11
1088.9766	9
1098.7872	7
1108.5978	7
1118.4084	9
1128.2190	3
1138.0296	8
1147.8402	8
1157.6508	8
1167.4614	10
1177.2720	8
1187.0826	7
1196.8932	8
1206.7038	8
1216.5144	8
1226.3250	9
1236.1356	2
1245.9462	7
1255.7568	11
1265.5674	9
1275.3780	10
1285.1886	7
1294.9992	8
1304.8098	5
1314.6204	11
1324.4310	8
1334.2416	5
1344.0522	9
1353.8628	5
1363.6734	8
1373.4840	3
1383.2946	10
1393.1052	5
1402.9158	10
1412.7264	5
1422.5370	9
1432.3476	6
1442.1582	6
1451.9688	7
1461.7794	4
1471.5900	4
1481.4006	3
1491.2112	5
1501.0218	10
1510.8324	4
1520.6430	7
1530.4536	5
1540.2642	6
1550.0748	7
1559.8854	7
1569.6960	7
1579.5066	11
1589.3172	5
1599.1278	4
1608.9384	4
1618.7490	5
1628.5596	3
1638.3702	9
1648.1808	5
1657.9914	3
1667.8020	9
1677.6126	7
1687.4232	10
1697.2338	5
1707.0444	4
1716.8550	10
1726.6656	6
1736.4762	3
1746.2868	10
1756.0974	9
1765.9080	9
1775.7186	5
1785.5292	4
1795.3398	9
1805.1504	5
1814.9610	6
1824.7716	8
1834.5822	9
1844.3928	6
1854.2034	5
1864.0140	4
1873.8246	6
1883.6352	5
1893.4458	13
1903.2564	4
1913.0670	9
1922.8776	8
1932.6882	6
1942.4988	8
1952.3094	5
1962.1200	6
1971.9306	6
1981.7412	8
1991.5518	1
2001.3624	8
2011.1730	7
2020.9836	6
2030.7942	3
2040.6048	5
2050.4154	10
2060.2260	5
2070.0366	3
2079.8472	5
2089.6578	10
2099.4684	6
2109.2790	7
2119.0896	6
2128.9002	6
2138.7108	12
2148.5214	2
2158.3320	7
2168.1426	9
2177.9532	6
2187.7638	12
2197.5744	2
2207.3850	7
2217.1956	10
2227.0062	1
2236.8168	5
2246.6274	2
2256.4380	5
2266.2486	8
2276.0592	6
2285.8698	6
2295.6804	2
2305.4910	8
2315.3016	3
2325.1122	3
2334.9228	4
2344.7334	7
2354.5440	7
2364.3546	6
2374.1652	3
2383.9758	7
2393.7864	6
2403.5970	3
2413.4076	5
2423.2182	5
2433.0288	5
2442.8394	8
2452.6500	3
2462.4606	6
2472.2712	7
2482.0818	3
2491.8924	4
2501.7030	3
2511.5136	4
2521.3242	7
2531.1348	4
2540.9454	4
2550.7560	6
2560.5666	7
2570.3772	8
2580.1878	4
2589.9984	5
2599.8090	7
2609.6196	8
2619.4302	8
2629.2408	4
2639.0514	3
2648.8620	6
2658.6726	4
2668.4832	5
2678.2938	2
2688.1044	2
2697.9150	8
2707.7256	4
2717.5362	5
2727.3468	7
2737.1574	4
2746.9680	6
2756.7786	2
2766.5892	6
2776.3998	4
2786.2104	3
2796.0210	3
2805.8316	6
2815.6422	13
2825.4528	6
2835.2634	6
2845.0740	5
2854.8846	3
2864.6952	2
2874.5058	3
2884.3164	5
2894.1270	8
2903.9376	7
2913.7482	2
2923.5588	6
2933.3694	7
2943.1800	3
2952.9906	2
2962.8012	5
2972.6118	4
2982.4224	3
2992.2330	9
3002.0436	8
3011.8542	4
3021.6648	8
3031.4754	6
3041.2860	8
3051.0966	5
3060.9072	7
3070.7178	5
3080.5284	7
3090.3390	5
3100.1496	1
3109.9602	7
3119.7708	10
3129.5814	4
3139.3920	2
3149.2026	5
3159.0132	2
3168.8238	3
3178.6344	7
3188.4450	6
3198.2556	6
3208.0662	3
3217.8768	4
3227.6874	8
3237.4980	4
3247.3086	11
3257.1192	8
3266.9298	5
3276.7404	4
3286.5510	5
3296.3616	1
3306.1722	3
3315.9828	3
3325.7934	7
3335.6040	4
3345.4146	6
3355.2252	5
3365.0358	2
3374.8464	11
3384.6570	2
3394.4676	5
3404.2782	3
3414.0888	2
3423.8994	4
3433.7100	4
3443.5206	7
3453.3312	5
3463.1418	8
3472.9524	5
3482.7630	6
3492.5736	4
3502.3842	7
3512.1948	4
3522.0054	1
3531.8160	3
3541.6266	2
3551.4372	6
3561.2478	1
3571.0584	2
3580.8690	4
3590.6796	4
3600.4902	3
3610.3008	1
3620.1114	3
3629.9220	4
3639.7326	1
3649.5432	5
3659.3538	6
3669.1644	3
3678.9750	4
3688.7856	4
3698.5962	8
3708.4068	2
3718.2174	11
3728.0280	6
3737.8386	2
3747.6492	4
3757.4598	5
3767.2704	2
3777.0810	3
3786.8916	4
3796.7022	11
3806.5128	6
3816.3234	8
3826.1340	1
3835.9446	4
3845.7552	3
3855.5658	9
3865.3764	9
3875.1870	3
3884.9976	6
3894.8082	4
3904.6188	8
3914.4294	3
3924.2400	4
3934.0506	6
3943.8612	4
3953.6718	4
3963.4824	6
3973.2930	7
3983.1036	5
3992.9142	2
4002.7248	5
4012.5354	1
4022.3460	2
4032.1566	1
4041.9672	3
4051.7778	7
4061.5884	5
4071.3990	2
4081.2096	2
4091.0202	5
4100.8308	7
4110.6414	6
4120.4520	3
4130.2626	10
4140.0732	1
4149.8838	3
4159.6944	2
4169.5050	4
4179.3156	8
4189.1262	2
4198.9368	3
4208.7474	10
4218.5580	6
4228.3686	4
4238.1792	6
4247.9898	2
4257.8004	4
4267.6110	5
4277.4216	2
4287.2322	6
4297.0428	6
4306.8534	1
4316.6640	1
4326.4746	7
4336.2852	5
4346.0958	5
4355.9064	7
4365.7170	4
4375.5276	4
4385.3382	4
4395.1488	4
4404.9594	4
4414.7700	6
4424.5806	5
4434.3912	1
4444.2018	3
4454.0124	3
4463.8230	6
4473.6336	2
4483.4442	3
4493.2548	3
4503.0654	2
4512.8760	2
4522.6866	1
4532.4972	5
4542.3078	3
4552.1184	0
4561.9290	4
4571.7396	1
4581.5502	4
4591.3608	3
4601.1714	3
4610.9820	2
4620.7926	4
4630.6032	5
4640.4138	3
4650.2244	2
4660.0350	4
4669.8456	4
4679.6562	6
4689.4668	3
4699.2774	2
4709.0880	4
4718.8986	2
4728.7092	3
4738.5198	3
4748.3304	5
4758.1410	6
4767.9516	3
4777.7622	3
4787.5728	4
4797.3834	5
4807.1940	2
4817.0046	2
4826.8152	2
4836.6258	4
4846.4364	5
4856.2470	4
4866.0576	4
4875.8682	3
4885.6788	3
4895.4894	3
4905.3000	4
4915.1106	2
4924.9212	6
4934.7318	3
4944.5424	2
4954.3530	3
4964.1636	4
4973.9742	6
4983.7848	8
4993.5954	2
5003.4060	1
5013.2166	0
5023.0272	2
5032.8378	3
5042.6484	5
5052.4590	2
5062.2696	4
5072.0802	2
5081.8908	1
5091.7014	3
5101.5120	3
5111.3226	3
5121.1332	0
5130.9438	4
5140.7544	2
5150.5650	1
5160.3756	0
5170.1862	6
5179.9968	3
5189.8074	6
5199.6180	2
5209.4286	6
5219.2392	3
5229.0498	4
5238.8604	2
5248.6710	2
5258.4816	3
5268.2922	9
5278.1028	3
5287.9134	1
5297.7240	5
5307.5346	4
5317.3452	3
5327.1558	7
5336.9664	6
5346.7770	5
5356.5876	1
5366.3982	4
5376.2088	1
5386.0194	5
5395.8300	3
5405.6406	3
5415.4512	3
5425.2618	5
5435.0724	2
5444.8830	1
5454.6936	3
5464.5042	2
5474.3148	5
5484.1254	2
5493.9360	2
5503.7466	3
5513.5572	4
5523.3678	2
5533.1784	5
5542.9890	6
5552.7996	5
5562.6102	8
5572.4208	2
5582.2314	7
5592.0420	3
5601.8526	2
5611.6632	3
5621.4738	4
5631.2844	2
5641.0950	3
5650.9056	6
5660.7162	2
5670.5268	3
5680.3374	3
5690.1480	4
5699.9586	3
5709.7692	2
5719.5798	5
5729.3904	4
5739.2010	1
5749.0116	1
5758.8222	3
5768.6328	1
5778.4434	3
5788.2540	2
5798.0646	0
5807.8752	2
5817.6858	0
5827.4964	3
5837.3070	3
5847.1176	3
5856.9282	3
5866.7388	4
5876.5494	3
5886.3600	2
5896.1706	3
5905.9812	3
5915.7918	3
5925.6024	3
5935.4130	2
5945.2236	7
5955.0342	3
5964.8448	2
5974.6554	3
5984.4660	3
5994.2766	4
6004.0872	4
6013.8978	1
6023.7084	1
6033.5190	4
6043.3296	3
6053.1402	1
6062.9508	6
6072.7614	2
6082.5720	4
6092.3826	7
6102.1932	0
6112.0038	5
6121.8144	3
6131.6250	6
6141.4356	1
6151.2462	3
6161.0568	3
6170.8674	2
6180.6780	6
6190.4886	2
6200.2992	2
6210.1098	7
6219.9204	4
6229.7310	3
6239.5416	3
6249.3522	3
6259.1628	4
6268.9734	2
6278.7840	2
6288.5946	3
6298.4052	5
6308.2158	3
6318.0264	7
6327.8370	2
6337.6476	6
6347.4582	2
6357.2688	0
6367.0794	4
6376.8900	4
6386.7006	1
6396.5112	5
6406.3218	5
6416.1324	2
6425.9430	3
6435.7536	2
6445.5642	1
6455.3748	3
6465.1854	3
6474.9960	3
6484.8066	3
6494.6172	1
6504.4278	2
6514.2384	4
6524.0490	5
6533.8596	2
6543.6702	5
6553.4808	2
6563.2914	3
6573.1020	2
6582.9126	1
6592.7232	2
6602.5338	0
6612.3444	3
6622.1550	1
6631.9656	0
6641.7762	1
6651.5868	1
6661.3974	2
6671.2080	4
6681.0186	2
6690.8292	4
6700.6398	1
6710.4504	4
6720.2610	3
6730.0716	2
6739.8822	1
6749.6928	2
6759.5034	3
6769.3140	3
6779.1246	3
6788.9352	3
6798.7458	3
6808.5564	2
6818.3670	0
6828.1776	2
6837.9882	1
6847.7988	1
6857.6094	5
6867.4200	1
6877.2306	1
6887.0412	5
6896.8518	4
6906.6624	2
6916.4730	3
6926.2836	5
6936.0942	0
6945.9048	0
6955.7154	3
6965.5260	0
6975.3366	5
6985.1472	0
6994.9578	1
7004.7684	3
7014.5790	2
7024.3896	5
7034.2002	5
7044.0108	0
7053.8214	6
7063.6320	3
7073.4426	3
7083.2532	4
7093.0638	3
7102.8744	7
7112.6850	2
7122.4956	2
7132.3062	4
7142.1168	0
7151.9274	2
7161.7380	6
7171.5486	5
7181.3592	1
7191.1698	3
7200.9804	5
7210.7910	2
7220.6016	2
7230.4122	3
7240.2228	2
7250.0334	1
7259.8440	3
7269.6546	2
7279.4652	1
7289.2758	2
7299.0864	4
7308.8970	2
7318.7076	3
7328.5182	2
7338.3288	1
7348.1394	1
7357.9500	2
7367.7606	0
7377.5712	4
7387.3818	3
7397.1924	3
7407.0030	1
7416.8136	7
7426.6242	1
7436.4348	2
7446.2454	3
7456.0560	3
7465.8666	3
7475.6772	1
7485.4878	3
7495.2984	1
7505.1090	3
7514.9196	2
7524.7302	0
7534.5408	1
7544.3514	4
7554.1620	1
7563.9726	4
7573.7832	4
7583.5938	5
7593.4044	3
7603.2150	1
7613.0256	3
7622.8362	4
7632.6468	2
7642.4574	4
7652.2680	4
7662.0786	1
7671.8892	2
7681.6998	2
7691.5104	4
7701.3210	2
7711.1316	3
7720.9422	4
7730.7528	2
7740.5634	0
7750.3740	1
7760.1846	4
7769.9952	4
7779.8058	2
7789.6164	4
7799.4270	5
7809.2376	5
7819.0482	4
7828.8588	0
7838.6694	2
7848.4800	3
7858.2906	4
7868.1012	3
7877.9118	3
7887.7224	1
7897.5330	5
7907.3436	2
7917.1542	2
7926.9648	0
7936.7754	2
7946.5860	3
7956.3966	3
7966.2072	2
7976.0178	1
7985.8284	3
7995.6390	2
8005.4496	0
8015.2602	4
8025.0708	2
8034.8814	2
8044.6920	3
8054.5026	1
8064.3132	4
8074.1238	2
8083.9344	1
8093.7450	0
8103.5556	6
8113.3662	0
8123.1768	4
8132.9874	5
8142.7980	2
8152.6086	1
8162.4192	2
8172.2298	2
8182.0404	1
8191.8510	2
8201.6616	3
8211.4722	2
8221.2828	3
8231.0934	0
8240.9040	2
8250.7146	0
8260.5252	1
8270.3358	1
8280.1464	3
8289.9570	4
8299.7676	1
8309.5782	1
8319.3888	2
8329.1994	0
8339.0100	1
8348.8206	0
8358.6312	1
8368.4418	0
8378.2524	1
8388.0630	2
8397.8736	1
8407.6842	1
8417.4948	1
8427.3054	5
8437.1160	0
8446.9266	0
8456.7372	4
8466.5478	2
8476.3584	0
8486.1690	0
8495.9796	1
8505.7902	2
8515.6008	2
8525.4114	2
8535.2220	4
8545.0326	2
8554.8432	3
8564.6538	2
8574.4644	1
8584.2750	2
8594.0856	1
8603.8962	0
8613.7068	0
8623.5174	2
8633.3280	1
8643.1386	3
8652.9492	3
8662.7598	2
8672.5704	0
8682.3810	1
8692.1916	1
8702.0022	3
8711.8128	2
8721.6234	2
8731.4340	0
8741.2446	2
8751.0552	3
8760.8658	2
8770.6764	3
8780.4870	1
8790.2976	2
8800.1082	4
8809.9188	0
8819.7294	1
8829.5400	2
8839.3506	0
8849.1612	0
8858.9718	4
8868.7824	4
8878.5930	0
8888.4036	2
8898.2142	2
8908.0248	2
8917.8354	2
8927.6460	0
8937.4566	2
8947.2672	0
8957.0778	3
8966.8884	1
8976.6990	2
8986.5096	2
8996.3202	2
9006.1308	2
9015.9414	3
9025.7520	0
9035.5626	3
9045.3732	1
9055.1838	0
9064.9944	5
9074.8050	1
9084.6156	3
9094.4262	4
9104.2368	0
9114.0474	0
9123.8580	3
9133.6686	1
9143.4792	0
9153.2898	3
9163.1004	2
9172.9110	4
9182.7216	2
9192.5322	1
9202.3428	1
9212.1534	1
9221.9640	1
9231.7746	3
9241.5852	2
9251.3958	0
9261.2064	2
9271.0170	1
9280.8276	1
9290.6382	3
9300.4488	5
9310.2594	2
9320.0700	4
9329.8806	2
9339.6912	5
9349.5018	1
9359.3124	1
9369.1230	1
9378.9336	5
9388.7442	1
9398.5548	4
9408.3654	2
9418.1760	0
9427.9866	2
9437.7972	3
9447.6078	0
9457.4184	1
9467.2290	2
9477.0396	2
9486.8502	3
9496.6608	1
9506.4714	5
9516.2820	2
9526.0926	3
9535.9032	2
9545.7138	2
9555.5244	0
9565.3350	0
9575.1456	3
9584.9562	2
9594.7668	1
9604.5774	0
9614.3880	3
9624.1986	2
9634.0092	2
9643.8198	1
9653.6304	0
9663.4410	1
9673.2516	0
9683.0622	0
9692.8728	2
9702.6834	1
9712.4940	3
9722.3046	1
9732.1152	3
9741.9258	1
9751.7364	4
9761.5470	0
9771.3576	1
9781.1682	0
9790.9788	0
9800.7894	0
9810.6000	0
9820.4106	2
9830.2212	2
9840.0318	0
9849.8424	3
9859.6530	2
9869.4636	1
9879.2742	1
9889.0848	2
9898.8954	2
9908.7060	1
9918.5166	3
9928.3272	1
9938.1378	0
9947.9484	0
9957.7590	0
9967.5696	2
9977.3802	2
9987.1908	2
9997.0014	2
10006.8120	0
10016.6226	2
10026.4332	0
10036.2438	0
10046.0544	0
10055.8650	0
10065.6756	0
10075.4862	5
10085.2968	1
10095.1074	1
10104.9180	3
10114.7286	2
10124.5392	1
10134.3498	2
10144.1604	2
10153.9710	1
10163.7816	5
10173.5922	1
10183.4028	0
10193.2134	1
10203.0240	3
10212.8346	3
10222.6452	0
10232.4558	0
10242.2664	3
10252.0770	0
10261.8876	1
10271.6982	0
10281.5088	2
10291.3194	1
10301.1300	2
10310.9406	0
10320.7512	2
10330.5618	0
10340.3724	0
10350.1830	0
10359.9936	2
10369.8042	1
10379.6148	0
10389.4254	1
10399.2360	3
10409.0466	0
10418.8572	0
10428.6678	2
10438.4784	3
10448.2890	2
10458.0996	0
10467.9102	0
10477.7208	1
10487.5314	1
10497.3420	1
10507.1526	1
10516.9632	1
10526.7738	2
10536.5844	2
10546.3950	2
10556.2056	2
10566.0162	2
10575.8268	2
10585.6374	1
10595.4480	1
10605.2586	1
10615.0692	3
10624.8798	1
10634.6904	0
10644.5010	1
10654.3116	0
10664.1222	0
10673.9328	3
10683.7434	0
10693.5540	1
10703.3646	2
10713.1752	1
10722.9858	1
10732.7964	2
10742.6070	3
10752.4176	2
10762.2282	0
10772.0388	0
10781.8494	3
10791.6600	2
10801.4706	1
10811.2812	2
10821.0918	0
10830.9024	1
10840.7130	2
10850.5236	0
10860.3342	2
10870.1448	1
10879.9554	1
10889.7660	2
10899.5766	2
10909.3872	0
10919.1978	0
10929.0084	1
10938.8190	1
10948.6296	3
10958.4402	1
10968.2508	2
10978.0614	2
10987.8720	3
10997.6826	1
11007.4932	1
11017.3038	0
11027.1144	1
11036.9250	1
11046.7356	0
11056.5462	4
11066.3568	1
11076.1674	3
11085.9780	0
11095.7886	0
11105.5992	2
11115.4098	0
11125.2204	0
11135.0310	0
11144.8416	0
11154.6522	1
11164.4628	3
11174.2734	1
11184.0840	1
11193.8946	2
11203.7052	1
11213.5158	0
11223.3264	0
11233.1370	1
11242.9476	2
11252.7582	0
11262.5688	0
11272.3794	0
11282.1900	2
11292.0006	0
11301.8112	0
11311.6218	0
11321.4324	2
11331.2430	3
11341.0536	1
11350.8642	0
11360.6748	1
11370.4854	2
11380.2960	2
11390.1066	3
11399.9172	0
11409.7278	1
11419.5384	2
11429.3490	0
11439.1596	1
11448.9702	0
11458.7808	2
11468.5914	2
11478.4020	1
11488.2126	1
11498.0232	0
11507.8338	0
11517.6444	0
11527.4550	4
11537.2656	2
11547.0762	2
11556.8868	1
11566.6974	0
11576.5080	2
11586.3186	0
11596.1292	1
11605.9398	2
11615.7504	4
11625.5610	1
11635.3716	0
11645.1822	1
11654.9928	0
11664.8034	2
11674.6140	0
11684.4246	2
11694.2352	2
11704.0458	1
11713.8564	1
11723.6670	2
11733.4776	1
11743.2882	2
11753.0988	1
11762.9094	0
11772.7200	2
11782.5306	2
11792.3412	3
11802.1518	3
11811.9624	1
11821.7730	2
11831.5836	3
11841.3942	0
11851.2048	0
11861.0154	2
11870.8260	1
11880.6366	2
11890.4472	0
11900.2578	2
11910.0684	0
11919.8790	1
11929.6896	0
11939.5002	1
11949.3108	0
11959.1214	1
11968.9320	2
11978.7426	1
11988.5532	1
11998.3638	2
12008.1744	1
12017.9850	1
12027.7956	0
12037.6062	0
12047.4168	1
12057.2274	3
12067.0380	1
12076.8486	1
12086.6592	0
12096.4698	1
12106.2804	0
12116.0910	2
12125.9016	0
12135.7122	0
12145.5228	0
12155.3334	2
12165.1440	2
12174.9546	0
12184.7652	1
12194.5758	0
12204.3864	2
12214.1970	1
12224.0076	3
12233.8182	0
12243.6288	0
12253.4394	1
12263.2500	1
12273.0606	2
12282.8712	7
12292.6818	1
12302.4924	3
12312.3030	1
12322.1136	2
12331.9242	2
12341.7348	1
12351.5454	2
12361.3560	0
12371.1666	2
12380.9772	0
12390.7878	0
12400.5984	3
12410.4090	1
12420.2196	0
12430.0302	1
12439.8408	0
12449.6514	2
12459.4620	0
12469.2726	1
12479.0832	2
12488.8938	0
12498.7044	0
12508.5150	0
12518.3256	2
12528.1362	0
12537.9468	0
12547.7574	1
12557.5680	1
12567.3786	0
12577.1892	0
12586.9998	1
12596.8104	0
12606.6210	0
12616.4316	1
12626.2422	2
12636.0528	0
12645.8634	0
12655.6740	3
12665.4846	1
12675.2952	1
12685.1058	0
12694.9164	0
12704.7270	0
12714.5376	1
12724.3482	2
12734.1588	0
12743.9694	0
12753.7800	0
12763.5906	0
12773.4012	0
12783.2118	1
12793.0224	1
12802.8330	0
12812.6436	0
12822.4542	0
12832.2648	0
12842.0754	0
12851.8860	1
12861.6966	1
12871.5072	0
12881.3178	3
12891.1284	0
12900.9390	0
12910.7496	1
12920.5602	2
12930.3708	2
12940.1814	1
12949.9920	2
12959.8026	0
12969.6132	0
12979.4238	1
12989.2344	1
12999.0450	2
13008.8556	0
13018.6662	0
13028.4768	0
13038.2874	1
13048.0980	2
13057.9086	0
13067.7192	2
13077.5298	0
13087.3404	0
13097.1510	2
13106.9616	0
13116.7722	1
13126.5828	1
13136.3934	0
13146.2040	0
13156.0146	0
13165.8252	0
13175.6358	0
13185.4464	0
13195.2570	0
13205.0676	0
13214.8782	2
13224.6888	1
13234.4994	0
13244.3100	0
13254.1206	0
13263.9312	0
13273.7418	1
13283.5524	2
13293.3630	0
13303.1736	0
13312.9842	2
13322.7948	0
13332.6054	0
13342.4160	0
13352.2266	3
13362.0372	0
13371.8478	2
13381.6584	0
13391.4690	1
13401.2796	2
13411.0902	1
13420.9008	0
13430.7114	1
13440.5220	1
13450.3326	0
13460.1432	1
13469.9538	1
13479.7644	1
13489.5750	2
13499.3856	1
13509.1962	1
13519.0068	0
13528.8174	0
13538.6280	3
13548.4386	0
13558.2492	1
13568.0598	0
13577.8704	1
13587.6810	1
13597.4916	1
13607.3022	0
13617.1128	1
13626.9234	0
13636.7340	1
13646.5446	1
13656.3552	0
13666.1658	1
13675.9764	0
13685.7870	1
13695.5976	1
13705.4082	0
13715.2188	1
13725.0294	0
13734.8400	0
13744.6506	0
13754.4612	1
13764.2718	0
13774.0824	0
13783.8930	1
13793.7036	0
13803.5142	0
13813.3248	0
13823.1354	1
13832.9460	1
13842.7566	1
13852.5672	3
13862.3778	2
13872.1884	1
13881.9990	1
13891.8096	0
13901.6202	0
13911.4308	0
13921.2414	0
13931.0520	0
13940.8626	2
13950.6732	0
13960.4838	0
13970.2944	1
13980.1050	0
13989.9156	0
13999.7262	2
14009.5368	1
14019.3474	1
14029.1580	1
14038.9686	1
14048.7792	1
14058.5898	1
14068.4004	1
14078.2110	0
14088.0216	0
14097.8322	0
14107.6428	1
14117.4534	0
14127.2640	2
14137.0746	3
14146.8852	0
14156.6958	0
14166.5064	0
14176.3170	1
14186.1276	0
14195.9382	0
14205.7488	0
14215.5594	1
14225.3700	1
14235.1806	1
14244.9912	2
14254.8018	2
14264.6124	0
14274.4230	2
14284.2336	2
14294.0442	0
14303.8548	0
14313.6654	0
14323.4760	0
14333.2866	1
14343.0972	0
14352.9078	1
14362.7184	0
14372.5290	0
14382.3396	1
14392.1502	0
14401.9608	0
14411.7714	2
14421.5820	0
14431.3926	1
14441.2032	1
14451.0138	1
14460.8244	0
14470.6350	0
14480.4456	1
14490.2562	1
14500.0668	1
14509.8774	2
14519.6880	1
14529.4986	0
14539.3092	0
14549.1198	0
14558.9304	0
14568.7410	0
14578.5516	0
14588.3622	3
14598.1728	1
14607.9834	0
14617.7940	2
14627.6046	0
14637.4152	0
14647.2258	1
14657.0364	1
14666.8470	1
14676.6576	0
14686.4682	0
14696.2788	0
14706.0894	1
14715.9000	0
14725.7106	1
14735.5212	0
14745.3318	2
14755.1424	0
14764.9530	0
14774.7636	1
14784.5742	0
14794.3848	0
14804.1954	2
14814.0060	0
14823.8166	0
14833.6272	1
14843.4378	0
14853.2484	0
14863.0590	0
14872.8696	0
14882.6802	0
14892.4908	0
14902.3014	0
14912.1120	0
14921.9226	0
14931.7332	1
14941.5438	1
14951.3544	1
14961.1650	0
14970.9756	1
14980.7862	1
14990.5968	0
15000.4074	0
15010.2180	0
15020.0286	0
15029.8392	0
15039.6498	1
15049.4604	0
15059.2710	1
15069.0816	0
15078.8922	2
15088.7028	0
15098.5134	2
15108.3240	0
15118.1346	0
15127.9452	1
15137.7558	1
15147.5664	2
15157.3770	0
15167.1876	0
15176.9982	0
15186.8088	0
15196.6194	0
15206.4300	0
15216.2406	0
15226.0512	1
15235.8618	0
15245.6724	1
15255.4830	0
15265.2936	2
15275.1042	0
15284.9148	0
15294.7254	0
15304.5360	0
15314.3466	1
15324.1572	0
15333.9678	0
15343.7784	1
15353.5890	1
15363.3996	0
15373.2102	0
15383.0208	1
15392.8314	0
15402.6420	0
15412.4526	1
15422.2632	0
15432.0738	0
15441.8844	1
15451.6950	0
15461.5056	0
15471.3162	1
15481.1268	0
15490.9374	1
15500.7480	0
15510.5586	1
15520.3692	1
15530.1798	0
15539.9904	0
15549.8010	1
15559.6116	0
15569.4222	0
15579.2328	0
15589.0434	1
15598.8540	0
15608.6646	0
15618.4752	0
15628.2858	0
15638.0964	1
15647.9070	1
15657.7176	0
15667.5282	0
15677.3388	1
15687.1494	0
15696.9600	1
15706.7706	0
15716.5812	2
15726.3918	0
15736.2024	2
15746.0130	0
15755.8236	1
15765.6342	0
15775.4448	0
15785.2554	0
15795.0660	0
15804.8766	0
15814.6872	0
15824.4978	3
15834.3084	1
15844.1190	0
15853.9296	0
15863.7402	2
15873.5508	0
15883.3614	0
15893.1720	0
15902.9826	1
15912.7932	1
15922.6038	1
15932.4144	0
15942.2250	0
15952.0356	0
15961.8462	1
15971.6568	0
15981.4674	1
15991.2780	0
16001.0886	1
16010.8992	0
16020.7098	0
16030.5204	0
16040.3310	0
16050.1416	1
16059.9522	0
16069.7628	0
16079.5734	0
16089.3840	0
16099.1946	0
16109.0052	2
16118.8158	0
16128.6264	0
16138.4370	0
16148.2476	0
16158.0582	1
16167.8688	0
16177.6794	1
16187.4900	0
16197.3006	0
16207.1112	0
16216.9218	1
16226.7324	0
16236.5430	0
16246.3536	0
16256.1642	0
16265.9748	1
16275.7854	1
16285.5960	1
16295.4066	0
16305.2172	0
16315.0278	1
16324.8384	0
16334.6490	1
16344.4596	0
16354.2702	0
16364.0808	1
16373.8914	1
16383.7020	2
16393.5126	1
16403.3232	2
16413.1338	1
16422.9444	1
16432.7550	0
16442.5656	1
16452.3762	0
16462.1868	1
16471.9974	0
16481.8080	0
16491.6186	0
16501.4292	0
16511.2398	0
16521.0504	0
16530.8610	0
16540.6716	2
16550.4822	0
16560.2928	1
16570.1034	0
16579.9140	0
16589.7246	0
16599.5352	0
16609.3458	0
16619.1564	1
16628.9670	0
16638.7776	0
16648.5882	0
16658.3988	1
16668.2094	0
16678.0200	0
16687.8306	0
16697.6412	0
16707.4518	0
16717.2624	1
16727.0730	1
16736.8836	0
16746.6942	1
16756.5048	1
16766.3154	1
16776.1260	1
16785.9366	0
16795.7472	0
16805.5578	0
16815.3684	0
16825.1790	1
16834.9896	0
16844.8002	1
16854.6108	0
16864.4214	0
16874.2320	1
16884.0426	0
16893.8532	0
16903.6638	0
16913.4744	0
16923.2850	0
16933.0956	0
16942.9062	0
16952.7168	1
16962.5274	0
16972.3380	0
16982.1486	2
16991.9592	0
17001.7698	1
17011.5804	2
17021.3910	1
17031.2016	1
17041.0122	0
17050.8228	1
17060.6334	0
17070.4440	0
17080.2546	1
17090.0652	0
17099.8758	1
17109.6864	0
17119.4970	0
17129.3076	0
17139.1182	0
17148.9288	0
17158.7394	0
17168.5500	0
17178.3606	0
17188.1712	0
17197.9818	1
17207.7924	2
17217.6030	1
17227.4136	0
17237.2242	2
17247.0348	0
17256.8454	0
17266.6560	1
17276.4666	0
17286.2772	0
17296.0878	0
17305.8984	0
17315.7090	2
17325.5196	0
17335.3302	1
17345.1408	1
17354.9514	1
17364.7620	0
17374.5726	0
17384.3832	1
17394.1938	0
17404.0044	0
17413.8150	1
17423.6256	0
17433.4362	0
17443.2468	0
17453.0574	0
17462.8680	0
17472.6786	0
17482.4892	1
17492.2998	0
17502.1104	0
17511.9210	0
17521.7316	0
17531.5422	0
17541.3528	0
17551.1634	1
17560.9740	1
17570.7846	1
17580.5952	0
17590.4058	0
17600.2164	0
17610.0270	0
17619.8376	0
17629.6482	0
17639.4588	0
17649.2694	0
17659.0800	1
17668.8906	1
17678.7012	0
17688.5118	0
17698.3224	0
17708.1330	0
17717.9436	1
17727.7542	0
17737.5648	0
17747.3754	0
17757.1860	1
17766.9966	0
17776.8072	0
17786.6178	2
17796.4284	0
17806.2390	1
17816.0496	0
17825.8602	0
17835.6708	1
17845.4814	0
17855.2920	0
17865.1026	1
17874.9132	1
17884.7238	1
17894.5344	1
17904.3450	2
17914.1556	0
17923.9662	1
17933.7768	0
17943.5874	0
17953.3980	1
17963.2086	0
17973.0192	0
17982.8298	1
17992.6404	0
18002.4510	1
18012.2616	0
18022.0722	1
18031.8828	0
18041.6934	1
18051.5040	0
18061.3146	0
18071.1252	0
18080.9358	1
18090.7464	2
18100.5570	0
18110.3676	0
18120.1782	1
18129.9888	1
18139.7994	0
18149.6100	0
18159.4206	1
18169.2312	0
18179.0418	0
18188.8524	1
18198.6630	0
18208.4736	0
18218.2842	0
18228.0948	0
18237.9054	0
18247.7160	1
18257.5266	1
18267.3372	0
18277.1478	2
18286.9584	0
18296.7690	3
18306.5796	0
18316.3902	0
18326.2008	1
18336.0114	0
18345.8220	0
18355.6326	0
18365.4432	0
18375.2538	0
18385.0644	0
18394.8750	1
18404.6856	0
18414.4962	0
18424.3068	0
18434.1174	0
18443.9280	1
18453.7386	0
18463.5492	1
18473.3598	0
18483.1704	0
18492.9810	0
18502.7916	1
18512.6022	0
18522.4128	0
18532.2234	0
18542.0340	0
18551.8446	1
18561.6552	0
18571.4658	0
18581.2764	1
18591.0870	1
18600.8976	0
18610.7082	0
18620.5188	1
18630.3294	0
18640.1400	1
18649.9506	1
18659.7612	1
18669.5718	0
18679.3824	0
18689.1930	0
18699.0036	0
18708.8142	2
18718.6248	0
18728.4354	0
18738.2460	1
18748.0566	0
18757.8672	2
18767.6778	0
18777.4884	0
18787.2990	0
18797.1096	0
18806.9202	1
18816.7308	0
18826.5414	0
18836.3520	0
18846.1626	0
18855.9732	0
18865.7838	1
18875.5944	0
18885.4050	0
18895.2156	1
18905.0262	0
18914.8368	3
18924.6474	0
18934.4580	0
18944.2686	0
18954.0792	0
18963.8898	0
18973.7004	0
18983.5110	0
18993.3216	1
19003.1322	0
19012.9428	0
19022.7534	0
19032.5640	0
19042.3746	0
19052.1852	0
19061.9958	0
19071.8064	0
19081.6170	0
19091.4276	0
19101.2382	2
19111.0488	0
19120.8594	0
19130.6700	0
19140.4806	0
19150.2912	0
19160.1018	0
19169.9124	0
19179.7230	1
19189.5336	0
19199.3442	0
19209.1548	0
19218.9654	0
19228.7760	0
19238.5866	1
19248.3972	0
19258.2078	0
19268.0184	0
19277.8290	1
19287.6396	0
19297.4502	0
19307.2608	0
19317.0714	0
19326.8820	0
19336.6926	0
19346.5032	1
19356.3138	0
19366.1244	0
19375.9350	1
19385.7456	1
19395.5562	0
19405.3668	0
19415.1774	0
19424.9880	1
19434.7986	1
19444.6092	0
19454.4198	0
19464.2304	0
19474.0410	1
19483.8516	0
19493.6622	1
19503.4728	0
19513.2834	1
19523.0940	0
19532.9046	0
19542.7152	2
19552.5258	0
19562.3364	0
19572.1470	0
19581.9576	0
19591.7682	0
19601.5788	0
19611.3894	0
19621.2000	0
19631.0106	0
19640.8212	1
19650.6318	1
19660.4424	1
19670.2530	0
19680.0636	1
19689.8742	0
19699.6848	1
19709.4954	1
19719.3060	0
19729.1166	0
19738.9272	0
19748.7378	1
19758.5484	0
19768.3590	0
19778.1696	1
19787.9802	0
19797.7908	0
19807.6014	0
19817.4120	1
19827.2226	0
19837.0332	0
19846.8438	0
19856.6544	0
19866.4650	2
19876.2756	0
19886.0862	0
19895.8968	0
19905.7074	0
19915.5180	1
19925.3286	0
19935.1392	0
19944.9498	1
19954.7604	1
19964.5710	0
19974.3816	0
19984.1922	0
19994.0028	0
20003.8134	0
20013.6240	0
20023.4346	1
20033.2452	0
20043.0558	0
20052.8664	0
20062.6770	1
20072.4876	0
20082.2982	0
20092.1088	1
20101.9194	0
20111.7300	0
20121.5406	0
20131.3512	0
20141.1618	0
20150.9724	0
20160.7830	1
20170.5936	0
20180.4042	0
20190.2148	0
20200.0254	0
20209.8360	1
20219.6466	1
20229.4572	0
20239.2678	0
20249.0784	0
20258.8890	0
20268.6996	0
20278.5102	0
20288.3208	0
20298.1314	1
20307.9420	0
20317.7526	0
20327.5632	1
20337.3738	0
20347.1844	0
20356.9950	0
20366.8056	0
20376.6162	1
20386.4268	0
20396.2374	0
20406.0480	0
20415.8586	0
20425.6692	0
20435.4798	0
20445.2904	0
20455.1010	1
20464.9116	0
20474.7222	0
20484.5328	1
20494.3434	0
20504.1540	0
20513.9646	0
20523.7752	1
20533.5858	1
20543.3964	1
20553.2070	0
20563.0176	0
20572.8282	0
20582.6388	0
20592.4494	0
20602.2600	0
20612.0706	0
20621.8812	0
20631.6918	0
20641.5024	0
20651.3130	0
20661.1236	0
20670.9342	1
20680.7448	0
20690.5554	0
20700.3660	0
20710.1766	0
20719.9872	0
20729.7978	0
20739.6084	1
20749.4190	0
20759.2296	0
20769.0402	0
20778.8508	0
20788.6614	1
20798.4720	0
20808.2826	0
20818.0932	0
20827.9038	0
20837.7144	0
20847.5250	0
20857.3356	1
20867.1462	0
20876.9568	0
20886.7674	0
20896.5780	0
20906.3886	0
20916.1992	0
20926.0098	0
20935.8204	1
20945.6310	0
20955.4416	2
20965.2522	0
20975.0628	0
20984.8734	0
20994.6840	0
21004.4946	0
21014.3052	0
21024.1158	0
21033.9264	0
21043.7370	0
21053.5476	0
21063.3582	0
21073.1688	0
21082.9794	1
21092.7900	0
21102.6006	0
21112.4112	0
21122.2218	0
21132.0324	0
21141.8430	2
21151.6536	0
21161.4642	1
21171.2748	0
21181.0854	0
21190.8960	0
21200.7066	0
21210.5172	0
21220.3278	0
21230.1384	0
21239.9490	0
21249.7596	1
21259.5702	0
21269.3808	0
21279.1914	0
21289.0020	0
21298.8126	0
21308.6232	1
21318.4338	0
21328.2444	2
21338.0550	0
21347.8656	0
21357.6762	1
21367.4868	0
21377.2974	0
21387.1080	0
21396.9186	0
21406.7292	0
21416.5398	0
21426.3504	2
21436.1610	0
21445.9716	0
21455.7822	1
21465.5928	0
21475.4034	0
21485.2140	0
21495.0246	0
21504.8352	0
21514.6458	1
21524.4564	2
21534.2670	0
21544.0776	0
21553.8882	0
21563.6988	0
21573.5094	0
21583.3200	1
21593.1306	0
21602.9412	0
21612.7518	0
21622.5624	0
21632.3730	1
21642.1836	1
21651.9942	0
21661.8048	0
21671.6154	0
21681.4260	0
21691.2366	0
21701.0472	0
21710.8578	0
21720.6684	1
21730.4790	0
21740.2896	0
21750.1002	0
21759.9108	0
21769.7214	0
21779.5320	0
21789.3426	0
21799.1532	0
21808.9638	0
21818.7744	1
21828.5850	0
21838.3956	0
21848.2062	0
21858.0168	0
21867.8274	0
21877.6380	0
21887.4486	0
21897.2592	0
21907.0698	0
21916.8804	0
21926.6910	0
21936.5016	0
21946.3122	1
21956.1228	0
21965.9334	0
21975.7440	1
21985.5546	1
21995.3652	1
22005.1758	0
22014.9864	1
22024.7970	0
22034.6076	0
22044.4182	0
22054.2288	0
22064.0394	0
22073.8500	0
22083.6606	0
22093.4712	0
22103.2818	0
22113.0924	0
22122.9030	0
22132.7136	0
22142.5242	0
22152.3348	0
22162.1454	0
22171.9560	0
22181.7666	1
22191.5772	1
22201.3878	0
22211.1984	0
22221.0090	1
22230.8196	0
22240.6302	0
22250.4408	0
22260.2514	1
22270.0620	0
22279.8726	0
22289.6832	0
22299.4938	0
22309.3044	0
22319.1150	0
22328.9256	0
22338.7362	1
22348.5468	0
22358.3574	1
22368.1680	0
22377.9786	0
22387.7892	0
22397.5998	0
22407.4104	0
22417.2210	0
22427.0316	0
22436.8422	0
22446.6528	0
22456.4634	0
22466.2740	0
22476.0846	0
22485.8952	0
22495.7058	0
22505.5164	0
22515.3270	0
22525.1376	0
22534.9482	0
22544.7588	0
22554.5694	0
22564.3800	0
22574.1906	0
22584.0012	0
22593.8118	0
22603.6224	0
22613.4330	0
22623.2436	0
22633.0542	0
22642.8648	1
22652.6754	0
22662.4860	0
22672.2966	1
22682.1072	1
22691.9178	0
22701.7284	0
22711.5390	0
22721.3496	0
22731.1602	0
22740.9708	0
22750.7814	0
22760.5920	1
22770.4026	0
22780.2132	0
22790.0238	0
22799.8344	0
22809.6450	0
22819.4556	0
22829.2662	0
22839.0768	0
22848.8874	0
22858.6980	0
22868.5086	0
22878.3192	0
22888.1298	0
22897.9404	0
22907.7510	0
22917.5616	0
22927.3722	0
22937.1828	0
22946.9934	0
22956.8040	0
22966.6146	0
22976.4252	0
22986.2358	0
22996.0464	1
23005.8570	0
23015.6676	0
23025.4782	1
23035.2888	0
23045.0994	0
23054.9100	0
23064.7206	0
23074.5312	0
23084.3418	1
23094.1524	0
23103.9630	0
23113.7736	0
23123.5842	0
23133.3948	0
23143.2054	0
23153.0160	0
23162.8266	0
23172.6372	0
23182.4478	0
23192.2584	0
23202.0690	0
23211.8796	0
23221.6902	0
23231.5008	0
23241.3114	0
23251.1220	0
23260.9326	0
23270.7432	2
23280.5538	0
23290.3644	0
23300.1750	0
23309.9856	0
23319.7962	1
23329.6068	0
23339.4174	1
23349.2280	0
23359.0386	0
23368.8492	0
23378.6598	0
23388.4704	0
23398.2810	0
23408.0916	0
23417.9022	0
23427.7128	0
23437.5234	0
23447.3340	0
23457.1446	0
23466.9552	1
23476.7658	0
23486.5764	0
23496.3870	0
23506.1976	0
23516.0082	0
23525.8188	0
23535.6294	0
23545.4400	0
23555.2506	0
23565.0612	1
23574.8718	0
23584.6824	0
23594.4930	0
23604.3036	0
23614.1142	0
23623.9248	0
23633.7354	0
23643.5460	0
23653.3566	0
23663.1672	1
23672.9778	0
23682.7884	0
23692.5990	0
23702.4096	1
23712.2202	0
23722.0308	0
23731.8414	0
23741.6520	0
23751.4626	0
23761.2732	0
23771.0838	0
23780.8944	0
23790.7050	1
23800.5156	0
23810.3262	0
23820.1368	0
23829.9474	0
23839.7580	0
23849.5686	0
23859.3792	0
23869.1898	0
23879.0004	1
23888.8110	0
23898.6216	0
23908.4322	0
23918.2428	0
23928.0534	0
23937.8640	0
23947.6746	1
23957.4852	0
23967.2958	0
23977.1064	0
23986.9170	0
23996.7276	0
24006.5382	0
24016.3488	0
24026.1594	0
24035.9700	0
24045.7806	0
24055.5912	0
24065.4018	0
24075.2124	0
24085.0230	0
24094.8336	0
24104.6442	0
24114.4548	0
24124.2654	0
24134.0760	0
24143.8866	1
24153.6972	0
24163.5078	0
24173.3184	0
24183.1290	0
24192.9396	0
24202.7502	0
24212.5608	0
24222.3714	0
24232.1820	0
24241.9926	1
24251.8032	0
24261.6138	1
24271.4244	0
24281.2350	0
24291.0456	0
24300.8562	0
24310.6668	0
24320.4774	0
24330.2880	1
24340.0986	0
24349.9092	0
24359.7198	0
24369.5304	0
24379.3410	0
24389.1516	0
24398.9622	0
24408.7728	0
24418.5834	1
24428.3940	0
24438.2046	0
24448.0152	0
24457.8258	0
24467.6364	0
24477.4470	0
24487.2576	0
24497.0682	0
24506.8788	0
24516.6894	0
24526.5000	0
24536.3106	0
24546.1212	0
24555.9318	0
24565.7424	0
24575.5530	0
24585.3636	0
24595.1742	0
24604.9848	0
24614.7954	0
24624.6060	0
24634.4166	0
24644.2272	0
24654.0378	0
24663.8484	0
24673.6590	0
24683.4696	0
24693.2802	0
24703.0908	0
24712.9014	0
24722.7120	1
24732.5226	0
24742.3332	0
24752.1438	0
24761.9544	0
24771.7650	1
24781.5756	0
24791.3862	0
24801.1968	0
24811.0074	0
24820.8180	0
24830.6286	0
24840.4392	0
24850.2498	0
24860.0604	0
24869.8710	0
24879.6816	0
24889.4922	0
24899.3028	0
24909.1134	0
24918.9240	0
24928.7346	0
24938.5452	0
24948.3558	0
24958.1664	0
24967.9770	0
24977.7876	0
24987.5982	0
24997.4088	0
25007.2194	0
25017.0300	0
25026.8406	0
25036.6512	0
25046.4618	0
25056.2724	0
25066.0830	0
25075.8936	0
25085.7042	0
25095.5148	0
25105.3254	0
25115.1360	0
25124.9466	1
25134.7572	0
25144.5678	0
25154.3784	0
25164.1890	0
25173.9996	1
25183.8102	0
25193.6208	0
25203.4314	0
25213.2420	0
25223.0526	0
25232.8632	0
25242.6738	0
25252.4844	1
25262.2950	0
25272.1056	0
25281.9162	0
25291.7268	0
25301.5374	0
25311.3480	0
25321.1586	0
25330.9692	0
25340.7798	0
25350.5904	0
25360.4010	0
25370.2116	0
25380.0222	0
25389.8328	0
25399.6434	1
25409.4540	0
25419.2646	0
25429.0752	0
25438.8858	0
25448.6964	1
25458.5070	0
25468.3176	0
25478.1282	0
25487.9388	0
25497.7494	0
25507.5600	0
25517.3706	0
25527.1812	0
25536.9918	1
25546.8024	0
25556.6130	0
25566.4236	0
25576.2342	0
25586.0448	0
25595.8554	0
25605.6660	0
25615.4766	0
25625.2872	0
25635.0978	0
25644.9084	0
25654.7190	0
25664.5296	0
25674.3402	0
25684.1508	0
25693.9614	0
25703.7720	0
25713.5826	0
25723.3932	1
25733.2038	0
25743.0144	0
25752.8250	0
25762.6356	0
25772.4462	0
25782.2568	0
25792.0674	0
25801.8780	0
25811.6886	0
25821.4992	0
25831.3098	0
25841.1204	1
25850.9310	1
25860.7416	1
25870.5522	0
25880.3628	0
25890.1734	0
25899.9840	0
25909.7946	0
25919.6052	0
25929.4158	0
25939.2264	0
25949.0370	0
25958.8476	1
25968.6582	0
25978.4688	0
25988.2794	0
25998.0900	0
26007.9006	0
26017.7112	0
26027.5218	0
26037.3324	0
26047.1430	0
26056.9536	0
26066.7642	1
26076.5748	0
26086.3854	0
26096.1960	1
26106.0066	0
26115.8172	1
26125.6278	1
26135.4384	0
26145.2490	0
26155.0596	0
26164.8702	0
26174.6808	0
26184.4914	0
26194.3020	0
26204.1126	0
26213.9232	0
26223.7338	0
26233.5444	0
26243.3550	0
26253.1656	0
26262.9762	0
26272.7868	0
26282.5974	0
26292.4080	0
26302.2186	0
26312.0292	0
26321.8398	0
26331.6504	0
26341.4610	0
26351.2716	0
26361.0822	0
26370.8928	0
26380.7034	0
26390.5140	0
26400.3246	0
26410.1352	0
26419.9458	0
26429.7564	0
26439.5670	1
26449.3776	0
26459.1882	0
26468.9988	0
26478.8094	0
26488.6200	0
26498.4306	0
26508.2412	0
26518.0518	1
26527.8624	0
26537.6730	0
26547.4836	0
26557.2942	0
26567.1048	0
26576.9154	0
26586.7260	0
26596.5366	0
26606.3472	0
26616.1578	0
26625.9684	0
26635.7790	0
26645.5896	0
26655.4002	0
26665.2108	1
26675.0214	0
26684.8320	0
26694.6426	1
26704.4532	0
26714.2638	0
26724.0744	0
26733.8850	0
26743.6956	0
26753.5062	0
26763.3168	0
26773.1274	0
26782.9380	0
26792.7486	0
26802.5592	1
26812.3698	0
26822.1804	0
26831.9910	0
26841.8016	0
26851.6122	0
26861.4228	0
26871.2334	0
26881.0440	0
26890.8546	0
26900.6652	0
26910.4758	0
26920.2864	0
26930.0970	0
26939.9076	0
26949.7182	0
26959.5288	0
26969.3394	0
26979.1500	0
26988.9606	0
26998.7712	0
27008.5818	0
27018.3924	0
27028.2030	0
27038.0136	0
27047.8242	0
27057.6348	0
27067.4454	0
27077.2560	0
27087.0666	0
27096.8772	0
27106.6878	0
27116.4984	0
27126.3090	0
27136.1196	0
27145.9302	0
27155.7408	0
27165.5514	0
27175.3620	0
27185.1726	0
27194.9832	0
27204.7938	0
27214.6044	0
27224.4150	0
27234.2256	0
27244.0362	0
27253.8468	0
27263.6574	0
27273.4680	1
27283.2786	0
27293.0892	0
27302.8998	0
27312.7104	0
27322.5210	0
27332.3316	0
27342.1422	0
27351.9528	0
27361.7634	0
27371.5740	0
27381.3846	1
27391.1952	0
27401.0058	0
27410.8164	0
27420.6270	0
27430.4376	0
27440.2482	0
27450.0588	0
27459.8694	0
27469.6800	0
27479.4906	0
27489.3012	0
27499.1118	1
27508.9224	0
27518.7330	0
27528.5436	0
27538.3542	0
27548.1648	0
27557.9754	0
27567.7860	0
27577.5966	0
27587.4072	0
27597.2178	0
27607.0284	0
27616.8390	0
27626.6496	0
27636.4602	0
27646.2708	0
27656.0814	0
27665.8920	0
27675.7026	0
27685.5132	0
27695.3238	0
27705.1344	0
27714.9450	0
27724.7556	0
27734.5662	0
27744.3768	0
27754.1874	0
27763.9980	0
27773.8086	0
27783.6192	0
27793.4298	0
27803.2404	0
27813.0510	0
27822.8616	0
27832.6722	0
27842.4828	0
27852.2934	0
27862.1040	0
27871.9146	0
27881.7252	0
27891.5358	0
27901.3464	0
27911.1570	0
27920.9676	0
27930.7782	0
27940.5888	0
27950.3994	0
27960.2100	0
27970.0206	0
27979.8312	0
27989.6418	0
27999.4524	0
28009.2630	0
28019.0736	0
28028.8842	0
28038.6948	0
28048.5054	0
28058.3160	0
28068.1266	0
28077.9372	0
28087.7478	0
28097.5584	0
28107.3690	0
28117.1796	0
28126.9902	0
28136.8008	0
28146.6114	0
28156.4220	0
28166.2326	0
28176.0432	1
28185.8538	0
28195.6644	0
28205.4750	0
28215.2856	0
28225.0962	0
28234.9068	0
28244.7174	0
28254.5280	0
28264.3386	0
28274.1492	0
28283.9598	0
28293.7704	0
28303.5810	0
28313.3916	0
28323.2022	0
28333.0128	0
28342.8234	0
28352.6340	0
28362.4446	0
28372.2552	0
28382.0658	0
28391.8764	0
28401.6870	0
28411.4976	0
28421.3082	0
28431.1188	0
28440.9294	0
28450.7400	0
28460.5506	0
28470.3612	0
28480.1718	1
28489.9824	0
28499.7930	0
28509.6036	0
28519.4142	0
28529.2248	0
28539.0354	0
28548.8460	0
28558.6566	0
28568.4672	0
28578.2778	0
28588.0884	0
28597.8990	0
28607.7096	0
28617.5202	1
28627.3308	0
28637.1414	0
28646.9520	0
28656.7626	0
28666.5732	0
28676.3838	0
28686.1944	0
28696.0050	0
28705.8156	0
28715.6262	0
28725.4368	0
28735.2474	0
28745.0580	0
28754.8686	0
28764.6792	0
28774.4898	0
28784.3004	0
28794.1110	0
28803.9216	0
28813.7322	0
28823.5428	0
28833.3534	0
28843.1640	0
28852.9746	0
28862.7852	0
28872.5958	0
28882.4064	0
28892.2170	0
28902.0276	0
28911.8382	0
28921.6488	0
28931.4594	0
28941.2700	0
28951.0806	0
28960.8912	0
28970.7018	0
28980.5124	0
28990.3230	0
29000.1336	0
29009.9442	0
29019.7548	0
29029.5654	0
29039.3760	0
29049.1866	0
29058.9972	0
29068.8078	0
29078.6184	0
29088.4290	0
29098.2396	0
29108.0502	0
29117.8608	0
29127.6714	0
29137.4820	0
29147.2926	0
29157.1032	0
29166.9138	0
29176.7244	0
29186.5350	0
29196.3456	0
29206.1562	0
29215.9668	0
29225.7774	0
29235.5880	0
29245.3986	0
29255.2092	0
29265.0198	0
29274.8304	0
29284.6410	0
29294.4516	0
29304.2622	0
29314.0728	0
29323.8834	0
29333.6940	0
29343.5046	0
29353.3152	1
29363.1258	0
29372.9364	0
29382.7470	0
29392.5576	0
29402.3682	0
29412.1788	0
29421.9894	0
29431.8000	0
29441.6106	0
29451.4212	0
29461.2318	0
29471.0424	0
29480.8530	0
29490.6636	0
29500.4742	0
29510.2848	0
29520.0954	0
29529.9060	0
29539.7166	0
29549.5272	0
29559.3378	0
29569.1484	0
29578.9590	0
29588.7696	0
29598.5802	0
29608.3908	0
29618.2014	0
29628.0120	0
29637.8226	0
29647.6332	0
29657.4438	0
29667.2544	0
29677.0650	0
29686.8756	0
29696.6862	0
29706.4968	0
29716.3074	0
29726.1180	0
29735.9286	0
29745.7392	0
29755.5498	1
29765.3604	0
29775.1710	0
29784.9816	0
29794.7922	0
29804.6028	0
29814.4134	0
29824.2240	0
29834.0346	0
29843.8452	0
29853.6558	0
29863.4664	0
29873.2770	0
29883.0876	0
29892.8982	1
29902.7088	0
29912.5194	0
29922.3300	0
29932.1406	0
29941.9512	0
29951.7618	0
29961.5724	0
29971.3830	0
29981.1936	0
29991.0042	0
30000.8148	0
30010.6254	0
30020.4360	0
30030.2466	0
30040.0572	0
30049.8678	0
30059.6784	0
30069.4890	0
30079.2996	0
30089.1102	0
30098.9208	0
30108.7314	0
30118.5420	0
30128.3526	0
30138.1632	0
30147.9738	0
30157.7844	0
30167.5950	0
30177.4056	0
30187.2162	0
30197.0268	1
30206.8374	0
30216.6480	0
30226.4586	0
30236.2692	0
30246.0798	0
30255.8904	0
30265.7010	0
30275.5116	0
30285.3222	0
30295.1328	0
30304.9434	0
30314.7540	0
30324.5646	0
30334.3752	0
30344.1858	0
30353.9964	0
30363.8070	0
30373.6176	0
30383.4282	0
30393.2388	0
30403.0494	0
30412.8600	0
30422.6706	0
30432.4812	0
30442.2918	1
30452.1024	0
30461.9130	0
30471.7236	0
30481.5342	0
30491.3448	0
30501.1554	0
30510.9660	0
30520.7766	0
30530.5872	0
30540.3978	0
30550.2084	0
30560.0190	1
30569.8296	0
30579.6402	0
30589.4508	0
30599.2614	0
30609.0720	0
30618.8826	0
30628.6932	0
30638.5038	0
30648.3144	0
30658.1250	0
30667.9356	0
30677.7462	0
30687.5568	0
30697.3674	0
30707.1780	0
30716.9886	0
30726.7992	0
30736.6098	0
30746.4204	0
30756.2310	0
30766.0416	0
30775.8522	0
30785.6628	0
30795.4734	0
30805.2840	0
30815.0946	0
30824.9052	0
30834.7158	0
30844.5264	0
30854.3370	0
30864.1476	0
30873.9582	0
30883.7688	0
30893.5794	0
30903.3900	0
30913.2006	0
30923.0112	0
30932.8218	0
30942.6324	0
30952.4430	0
30962.2536	0
30972.0642	0
30981.8748	0
30991.6854	0
31001.4960	0
31011.3066	0
31021.1172	0
31030.9278	0
31040.7384	0
31050.5490	0
31060.3596	0
31070.1702	0
31079.9808	0
31089.7914	0
31099.6020	0
31109.4126	0
31119.2232	0
31129.0338	0
31138.8444	0
31148.6550	0
31158.4656	0
31168.2762	0
31178.0868	1
31187.8974	0
31197.7080	0
31207.5186	0
31217.3292	0
31227.1398	0
31236.9504	0
31246.7610	0
31256.5716	0
31266.3822	0
31276.1928	0
31286.0034	0
31295.8140	0
31305.6246	0
31315.4352	0
31325.2458	0
31335.0564	0
31344.8670	0
31354.6776	0
31364.4882	0
31374.2988	0
31384.1094	0
31393.9200	0
31403.7306	0
31413.5412	0
31423.3518	0
31433.1624	0
31442.9730	0
31452.7836	0
31462.5942	0
31472.4048	0
31482.2154	0
31492.0260	0
31501.8366	0
31511.6472	0
31521.4578	0
31531.2684	0
31541.0790	0
31550.8896	0
31560.7002	0
31570.5108	0
31580.3214	0
31590.1320	0
31599.9426	1
31609.7532	0
31619.5638	1
31629.3744	0
31639.1850	0
31648.9956	0
31658.8062	0
31668.6168	0
31678.4274	0
31688.2380	0
31698.0486	0
31707.8592	0
31717.6698	0
31727.4804	0
31737.2910	0
31747.1016	0
31756.9122	0
31766.7228	0
31776.5334	0
31786.3440	0
31796.1546	0
31805.9652	0
31815.7758	0
31825.5864	0
31835.3970	0
31845.2076	0
31855.0182	0
31864.8288	0
31874.6394	0
31884.4500	0
31894.2606	0
31904.0712	0
31913.8818	0
31923.6924	0
31933.5030	0
31943.3136	0
31953.1242	0
31962.9348	0
31972.7454	1
31982.5560	1
31992.3666	0
32002.1772	0
32011.9878	0
32021.7984	0
32031.6090	0
32041.4196	0
32051.2302	0
32061.0408	0
32070.8514	0
32080.6620	0
32090.4726	0
32100.2832	0
32110.0938	0
32119.9044	0
32129.7150	0
32139.5256	0
32149.3362	0
32159.1468	0
32168.9574	0
32178.7680	0
32188.5786	0
32198.3892	0
32208.1998	0
32218.0104	0
32227.8210	0
32237.6316	0
32247.4422	0
32257.2528	0
32267.0634	0
32276.8740	0
32286.6846	0
32296.4952	0
32306.3058	0
32316.1164	0
32325.9270	0
32335.7376	0
32345.5482	0
32355.3588	0
32365.1694	0
32374.9800	0
32384.7906	0
32394.6012	0
32404.4118	0
32414.2224	0
32424.0330	0
32433.8436	0
32443.6542	0
32453.4648	0
32463.2754	0
32473.0860	0
32482.8966	0
32492.7072	0
32502.5178	0
32512.3284	0
32522.1390	0
32531.9496	0
32541.7602	0
32551.5708	0
32561.3814	0
32571.1920	0
32581.0026	0
32590.8132	0
32600.6238	0
32610.4344	0
32620.2450	0
32630.0556	0
32639.8662	0
32649.6768	0
32659.4874	0
32669.2980	1
32679.1086	0
32688.9192	0
32698.7298	0
32708.5404	0
32718.3510	0
32728.1616	0
32737.9722	0
32747.7828	0
32757.5934	0
32767.4040	0
32777.2146	0
32787.0252	0
32796.8358	0
32806.6464	0
32816.4570	0
32826.2676	0
32836.0782	0
32845.8888	0
32855.6994	0
32865.5100	0
32875.3206	0
32885.1312	0
32894.9418	0
32904.7524	0
32914.5630	0
32924.3736	0
32934.1842	1
32943.9948	0
32953.8054	0
32963.6160	0
32973.4266	0
32983.2372	0
32993.0478	0
33002.8584	0
33012.6690	0
33022.4796	0
33032.2902	0
33042.1008	0
33051.9114	0
33061.7220	0
33071.5326	0
33081.3432	0
33091.1538	0
33100.9644	0
33110.7750	0
33120.5856	0
33130.3962	0
33140.2068	0
33150.0174	0
33159.8280	0
33169.6386	0
33179.4492	0
33189.2598	0
33199.0704	0
33208.8810	0
33218.6916	0
33228.5022	0
33238.3128	0
33248.1234	0
33257.9340	0
33267.7446	0
33277.5552	0
33287.3658	0
33297.1764	0
33306.9870	0
33316.7976	0
33326.6082	0
33336.4188	0
33346.2294	0
33356.0400	0
33365.8506	0
33375.6612	0
33385.4718	0
33395.2824	0
33405.0930	0
33414.9036	0
33424.7142	0
33434.5248	0
33444.3354	0
33454.1460	0
33463.9566	0
33473.7672	0
33483.5778	0
33493.3884	0
33503.1990	0
33513.0096	0
33522.8202	0
33532.6308	0
33542.4414	0
33552.2520	0
33562.0626	0
33571.8732	0
33581.6838	0
33591.4944	0
33601.3050	0
33611.1156	0
33620.9262	0
33630.7368	0
33640.5474	0
33650.3580	0
33660.1686	0
33669.9792	0
33679.7898	0
33689.6004	0
33699.4110	0
33709.2216	0
33719.0322	0
33728.8428	0
33738.6534	0
33748.4640	0
33758.2746	0
33768.0852	0
33777.8958	0
33787.7064	0
33797.5170	0
33807.3276	0
33817.1382	0
33826.9488	0
33836.7594	0
33846.5700	0
33856.3806	0
33866.1912	0
33876.0018	0
33885.8124	0
33895.6230	0
33905.4336	0
33915.2442	0
33925.0548	0
33934.8654	0
33944.6760	0
33954.4866	0
33964.2972	0
33974.1078	0
33983.9184	0
33993.7290	0
34003.5396	0
34013.3502	0
34023.1608	0
34032.9714	0
34042.7820	0
34052.5926	0
34062.4032	0
34072.2138	0
34082.0244	0
34091.8350	0
34101.6456	0
34111.4562	0
34121.2668	0
34131.0774	0
34140.8880	0
34150.6986	0
34160.5092	0
34170.3198	0
34180.1304	0
34189.9410	0
34199.7516	0
34209.5622	0
34219.3728	0
34229.1834	0
34238.9940	0
34248.8046	0
34258.6152	0
34268.4258	0
34278.2364	0
34288.0470	0
34297.8576	0
34307.6682	0
34317.4788	0
34327.2894	0
34337.1000	0
34346.9106	0
34356.7212	0
34366.5318	0
34376.3424	0
34386.1530	0
34395.9636	0
34405.7742	0
34415.5848	0
34425.3954	0
34435.2060	0
34445.0166	0
34454.8272	0
34464.6378	1
34474.4484	0
34484.2590	0
34494.0696	0
34503.8802	0
34513.6908	0
34523.5014	0
34533.3120	0
34543.1226	0
34552.9332	0
34562.7438	0
34572.5544	0
34582.3650	0
34592.1756	0
34601.9862	1
34611.7968	0
34621.6074	0
34631.4180	0
34641.2286	0
34651.0392	0
34660.8498	0
34670.6604	0
34680.4710	0
34690.2816	0
34700.0922	0
34709.9028	0
34719.7134	0
34729.5240	0
34739.3346	0
34749.1452	0
34758.9558	0
34768.7664	0
34778.5770	0
34788.3876	0
34798.1982	0
34808.0088	0
34817.8194	0
34827.6300	0
34837.4406	0
34847.2512	0
34857.0618	0
34866.8724	0
34876.6830	0
34886.4936	0
34896.3042	0
34906.1148	0
34915.9254	0
34925.7360	0
34935.5466	0
34945.3572	0
34955.1678	0
34964.9784	0
34974.7890	0
34984.5996	0
34994.4102	0
35004.2208	0
35014.0314	0
35023.8420	0
35033.6526	0
35043.4632	0
35053.2738	0
35063.0844	0
35072.8950	0
35082.7056	0
35092.5162	0
35102.3268	0
35112.1374	0
35121.9480	0
35131.7586	0
35141.5692	0
35151.3798	1
35161.1904	0
35171.0010	0
35180.8116	0
35190.6222	0
35200.4328	0
35210.2434	0
35220.0540	0
35229.8646	0
35239.6752	0
35249.4858	0
35259.2964	0
35269.1070	0
35278.9176	0
35288.7282	0
35298.5388	0
35308.3494	0
35318.1600	0
35327.9706	0
35337.7812	0
35347.5918	0
35357.4024	0
35367.2130	0
35377.0236	0
35386.8342	0
35396.6448	0
35406.4554	0
35416.2660	0
35426.0766	0
35435.8872	0
35445.6978	1
35455.5084	0
35465.3190	0
35475.1296	0
35484.9402	0
35494.7508	0
35504.5614	0
35514.3720	0
35524.1826	0
35533.9932	0
35543.8038	0
35553.6144	0
35563.4250	0
35573.2356	0
35583.0462	0
35592.8568	0
35602.6674	0
35612.4780	0
35622.2886	0
35632.0992	0
35641.9098	0
35651.7204	0
35661.5310	0
35671.3416	0
35681.1522	0
35690.9628	0
35700.7734	0
35710.5840	0
35720.3946	0
35730.2052	0
35740.0158	0
35749.8264	0
35759.6370	0
35769.4476	0
35779.2582	0
35789.0688	0
35798.8794	0
35808.6900	0
35818.5006	0
35828.3112	0
35838.1218	0
35847.9324	0
35857.7430	0
35867.5536	0
35877.3642	0
35887.1748	0
35896.9854	0
35906.7960	0
35916.6066	0
35926.4172	0
35936.2278	0
35946.0384	0
35955.8490	0
35965.6596	0
35975.4702	0
35985.2808	0
35995.0914	0
36004.9020	0
36014.7126	0
36024.5232	0
36034.3338	0
36044.1444	0
36053.9550	0
36063.7656	0
36073.5762	0
36083.3868	0
36093.1974	0
36103.0080	0
36112.8186	0
36122.6292	0
36132.4398	0
36142.2504	0
36152.0610	0
36161.8716	0
36171.6822	0
36181.4928	0
36191.3034	0
36201.1140	0
36210.9246	0
36220.7352	0
36230.5458	0
36240.3564	0
36250.1670	0
36259.9776	0
36269.7882	0
36279.5988	0
36289.4094	0
36299.2200	0
36309.0306	0
36318.8412	0
36328.6518	0
36338.4624	0
36348.2730	0
36358.0836	0
36367.8942	0
36377.7048	0
36387.5154	0
36397.3260	0
36407.1366	0
36416.9472	0
36426.7578	0
36436.5684	0
36446.3790	0
36456.1896	0
36466.0002	0
36475.8108	0
36485.6214	0
36495.4320	0
36505.2426	0
36515.0532	0
36524.8638	0
36534.6744	0
36544.4850	0
36554.2956	0
36564.1062	0
36573.9168	0
36583.7274	0
36593.5380	0
36603.3486	0
36613.1592	0
36622.9698	0
36632.7804	0
36642.5910	0
36652.4016	0
36662.2122	0
36672.0228	0
36681.8334	0
36691.6440	0
36701.4546	0
36711.2652	0
36721.0758	0
36730.8864	0
36740.6970	0
36750.5076	0
36760.3182	0
36770.1288	0
36779.9394	0
36789.7500	0
36799.5606	0
36809.3712	0
36819.1818	0
36828.9924	0
36838.8030	0
36848.6136	0
36858.4242	0
36868.2348	0
36878.0454	0
36887.8560	0
36897.6666	0
36907.4772	0
36917.2878	0
36927.0984	0
36936.9090	0
36946.7196	0
36956.5302	0
36966.3408	0
36976.1514	0
36985.9620	0
36995.7726	0
37005.5832	0
37015.3938	0
37025.2044	0
37035.0150	0
37044.8256	0
37054.6362	0
37064.4468	0
37074.2574	0
37084.0680	0
37093.8786	0
37103.6892	0
37113.4998	0
37123.3104	0
37133.1210	0
37142.9316	0
37152.7422	0
37162.5528	0
37172.3634	0
37182.1740	0
37191.9846	0
37201.7952	0
37211.6058	0
37221.4164	0
37231.2270	0
37241.0376	0
37250.8482	0
37260.6588	0
37270.4694	0
37280.2800	0
37290.0906	0
37299.9012	0
37309.7118	0
37319.5224	0
37329.3330	0
37339.1436	0
37348.9542	0
37358.7648	0
37368.5754	0
37378.3860	0
37388.1966	0
37398.0072	0
37407.8178	0
37417.6284	0
37427.4390	0
37437.2496	0
37447.0602	0
37456.8708	0
37466.6814	0
37476.4920	0
37486.3026	0
37496.1132	0
37505.9238	0
37515.7344	0
37525.5450	0
37535.3556	0
37545.1662	0
37554.9768	1
37564.7874	0
37574.5980	0
37584.4086	0
37594.2192	0
37604.0298	0
37613.8404	0
37623.6510	0
37633.4616	0
37643.2722	0
37653.0828	0
37662.8934	0
37672.7040	0
37682.5146	0
37692.3252	0
37702.1358	0
37711.9464	0
37721.7570	0
37731.5676	0
37741.3782	0
37751.1888	0
37760.9994	0
37770.8100	0
37780.6206	0
37790.4312	0
37800.2418	0
37810.0524	0
37819.8630	0
37829.6736	0
37839.4842	0
37849.2948	0
37859.1054	0
37868.9160	0
37878.7266	0
37888.5372	0
37898.3478	0
37908.1584	0
37917.9690	0
37927.7796	0
37937.5902	0
37947.4008	0
37957.2114	0
37967.0220	0
37976.8326	0
37986.6432	0
37996.4538	0
38006.2644	0
38016.0750	0
38025.8856	0
38035.6962	0
38045.5068	0
38055.3174	0
38065.1280	0
38074.9386	0
38084.7492	0
38094.5598	0
38104.3704	0
38114.1810	0
38123.9916	0
38133.8022	0
38143.6128	0
38153.4234	0
38163.2340	0
38173.0446	0
38182.8552	0
38192.6658	0
38202.4764	0
38212.2870	0
38222.0976	0
38231.9082	0
38241.7188	0
38251.5294	0
38261.3400	0
38271.1506	0
38280.9612	0
38290.7718	0
38300.5824	0
38310.3930	0
38320.2036	0
38330.0142	0
38339.8248	0
38349.6354	0
38359.4460	0
38369.2566	0
38379.0672	0
38388.8778	0
38398.6884	0
38408.4990	0
38418.3096	0
38428.1202	0
38437.9308	0
38447.7414	0
38457.5520	0
38467.3626	0
38477.1732	0
38486.9838	0
38496.7944	0
38506.6050	0
38516.4156	1
38526.2262	0
38536.0368	0
38545.8474	0
38555.6580	0
38565.4686	0
38575.2792	0
38585.0898	0
38594.9004	0
38604.7110	0
38614.5216	0
38624.3322	0
38634.1428	0
38643.9534	0
38653.7640	0
38663.5746	0
38673.3852	0
38683.1958	0
38693.0064	0
38702.8170	0
38712.6276	0
38722.4382	0
38732.2488	0
38742.0594	0
38751.8700	0
38761.6806	0
38771.4912	0
38781.3018	0
38791.1124	0
38800.9230	0
38810.7336	0
38820.5442	0
38830.3548	0
38840.1654	0
38849.9760	0
38859.7866	0
38869.5972	0
38879.4078	0
38889.2184	0
38899.0290	0
38908.8396	0
38918.6502	0
38928.4608	0
38938.2714	0
38948.0820	0
38957.8926	0
38967.7032	1
38977.5138	0
38987.3244	0
38997.1350	0
39006.9456	0
39016.7562	0
39026.5668	0
39036.3774	0
39046.1880	0
39055.9986	0
39065.8092	0
39075.6198	0
39085.4304	0
39095.2410	0
39105.0516	0
39114.8622	0
39124.6728	0
39134.4834	0
39144.2940	0
39154.1046	0
39163.9152	0
39173.7258	0
39183.5364	0
39193.3470	0
39203.1576	0
39212.9682	0
39222.7788	0
39232.5894	0
39242.4000	0
39252.2106	0
39262.0212	0
39271.8318	0
39281.6424	0
39291.4530	0
39301.2636	0
39311.0742	0
39320.8848	0
39330.6954	0
39340.5060	0
39350.3166	0
39360.1272	0
39369.9378	0
39379.7484	0
39389.5590	0
39399.3696	0
39409.1802	0
39418.9908	0
39428.8014	0
39438.6120	0
39448.4226	0
39458.2332	0
39468.0438	0
39477.8544	0
39487.6650	0
39497.4756	0
39507.2862	0
39517.0968	0
39526.9074	0
39536.7180	0
39546.5286	0
39556.3392	0
39566.1498	0
39575.9604	0
39585.7710	0
39595.5816	0
39605.3922	0
39615.2028	0
39625.0134	0
39634.8240	0
39644.6346	0
39654.4452	0
39664.2558	0
39674.0664	0
39683.8770	0
39693.6876	0
39703.4982	0
39713.3088	0
39723.1194	0
39732.9300	0
39742.7406	0
39752.5512	0
39762.3618	0
39772.1724	0
39781.9830	0
39791.7936	0
39801.6042	0
39811.4148	0
39821.2254	0
39831.0360	0
39840.8466	0
39850.6572	0
39860.4678	0
39870.2784	0
39880.0890	0
39889.8996	0
39899.7102	0
39909.5208	0
39919.3314	0
39929.1420	0
39938.9526	0
39948.7632	0
39958.5738	0
39968.3844	0
39978.1950	0
39988.0056	0
39997.8162	0
40007.6268	0
40017.4374	0
40027.2480	0
40037.0586	0
40046.8692	0
40056.6798	0
40066.4904	0
40076.3010	0
40086.1116	0
40095.9222	0
40105.7328	0
40115.5434	0
40125.3540	0
40135.1646	0
40144.9752	0
40154.7858	0
40164.5964	0
40174.4070	0
40184.2176	0
40194.0282	0
40203.8388	0
40213.6494	0
40223.4600	0
40233.2706	0
40243.0812	0
40252.8918	0
40262.7024	0
40272.5130	0
40282.3236	0
40292.1342	0
40301.9448	0
40311.7554	0
40321.5660	0
40331.3766	0
40341.1872	0
40350.9978	0
40360.8084	0
40370.6190	0
40380.4296	0
40390.2402	0
40400.0508	0
40409.8614	0
40419.6720	0
40429.4826	0
40439.2932	0
40449.1038	0
40458.9144	0
40468.7250	0
40478.5356	0
40488.3462	0
40498.1568	0
40507.9674	0
40517.7780	0
40527.5886	0
40537.3992	0
40547.2098	0
40557.0204	0
40566.8310	0
40576.6416	0
40586.4522	0
40596.2628	0
40606.0734	0
40615.8840	0
40625.6946	0
40635.5052	0
40645.3158	1
40655.1264	0
40664.9370	0
40674.7476	0
40684.5582	0
40694.3688	0
40704.1794	0
40713.9900	0
40723.8006	0
40733.6112	0
40743.4218	0
40753.2324	0
40763.0430	0
40772.8536	0
40782.6642	0
40792.4748	0
40802.2854	0
40812.0960	0
40821.9066	0
40831.7172	0
40841.5278	0
40851.3384	0
40861.1490	0
40870.9596	0
40880.7702	0
40890.5808	0
40900.3914	0
40910.2020	0
40920.0126	0
40929.8232	0
40939.6338	0
40949.4444	0
40959.2550	0
40969.0656	0
40978.8762	0
40988.6868	0
40998.4974	0
41008.3080	0
41018.1186	0
41027.9292	0
41037.7398	0
41047.5504	0
41057.3610	0
41067.1716	0
41076.9822	0
41086.7928	0
41096.6034	0
41106.4140	0
41116.2246	0
41126.0352	0
41135.8458	0
41145.6564	0
41155.4670	0
41165.2776	0
41175.0882	0
41184.8988	0
41194.7094	0
41204.5200	0
41214.3306	0
41224.1412	0
41233.9518	0
41243.7624	0
41253.5730	0
41263.3836	0
41273.1942	0
41283.0048	0
41292.8154	0
41302.6260	0
41312.4366	0
41322.2472	0
41332.0578	0
41341.8684	0
41351.6790	0
41361.4896	0
41371.3002	0
41381.1108	0
41390.9214	0
41400.7320	0
41410.5426	0
41420.3532	0
41430.1638	0
41439.9744	0
41449.7850	0
41459.5956	0
41469.4062	0
41479.2168	0
41489.0274	0
41498.8380	0
41508.6486	0
41518.4592	0
41528.2698	0
41538.0804	0
41547.8910	0
41557.7016	0
41567.5122	0
41577.3228	0
41587.1334	0
41596.9440	0
41606.7546	0
41616.5652	0
41626.3758	0
41636.1864	0
41645.9970	0
41655.8076	0
41665.6182	0
41675.4288	0
41685.2394	0
41695.0500	0
41704.8606	0
41714.6712	0
41724.4818	0
41734.2924	0
41744.1030	0
41753.9136	0
41763.7242	0
41773.5348	0
41783.3454	0
41793.1560	0
41802.9666	0
41812.7772	0
41822.5878	0
41832.3984	0
41842.2090	0
41852.0196	0
41861.8302	0
41871.6408	0
41881.4514	0
41891.2620	0
41901.0726	0
41910.8832	0
41920.6938	0
41930.5044	0
41940.3150	0
41950.1256	0
41959.9362	0
41969.7468	0
41979.5574	0
41989.3680	0
41999.1786	0
42008.9892	0
42018.7998	0
42028.6104	0
42038.4210	0
42048.2316	0
42058.0422	0
42067.8528	0
42077.6634	0
42087.4740	0
42097.2846	0
42107.0952	0
42116.9058	0
42126.7164	0
42136.5270	0
42146.3376	0
42156.1482	0
42165.9588	0
42175.7694	0
42185.5800	0
42195.3906	0
42205.2012	0
42215.0118	0
42224.8224	1
42234.6330	0
42244.4436	0
42254.2542	0
42264.0648	0
42273.8754	0
42283.6860	0
42293.4966	0
42303.3072	0
42313.1178	0
42322.9284	0
42332.7390	0
42342.5496	0
42352.3602	0
42362.1708	0
42371.9814	0
42381.7920	0
42391.6026	0
42401.4132	0
42411.2238	0
42421.0344	0
42430.8450	0
42440.6556	0
42450.4662	0
42460.2768	0
42470.0874	0
42479.8980	0
42489.7086	0
42499.5192	0
42509.3298	0
42519.1404	0
42528.9510	0
42538.7616	0
42548.5722	0
42558.3828	0
42568.1934	0
42578.0040	0
42587.8146	0
42597.6252	0
42607.4358	0
42617.2464	0
42627.0570	0
42636.8676	0
42646.6782	0
42656.4888	0
42666.2994	0
42676.1100	0
42685.9206	0
42695.7312	0
42705.5418	0
42715.3524	0
42725.1630	0
42734.9736	0
42744.7842	0
42754.5948	0
42764.4054	0
42774.2160	0
42784.0266	0
42793.8372	0
42803.6478	0
42813.4584	0
42823.2690	0
42833.0796	0
42842.8902	0
42852.7008	0
42862.5114	0
42872.3220	0
42882.1326	0
42891.9432	0
42901.7538	0
42911.5644	0
42921.3750	0
42931.1856	0
42940.9962	0
42950.8068	0
42960.6174	0
42970.4280	0
42980.2386	0
42990.0492	0
42999.8598	0
43009.6704	0
43019.4810	0
43029.2916	0
43039.1022	0
43048.9128	0
43058.7234	0
43068.5340	0
43078.3446	0
43088.1552	0
43097.9658	0
43107.7764	0
43117.5870	0
43127.3976	0
43137.2082	0
43147.0188	0
43156.8294	0
43166.6400	0
43176.4506	0
43186.2612	0
43196.0718	0
43205.8824	0
43215.6930	0
43225.5036	0
43235.3142	0
43245.1248	0
43254.9354	0
43264.7460	0
43274.5566	0
43284.3672	0
43294.1778	0
43303.9884	0
43313.7990	0
43323.6096	0
43333.4202	0
43343.2308	0
43353.0414	0
43362.8520	0
43372.6626	0
43382.4732	0
43392.2838	0
43402.0944	0
43411.9050	0
43421.7156	0
43431.5262	0
43441.3368	0
43451.1474	0
43460.9580	0
43470.7686	0
43480.5792	0
43490.3898	0
43500.2004	0
43510.0110	0
43519.8216	0
43529.6322	0
43539.4428	0
43549.2534	0
43559.0640	0
43568.8746	0
43578.6852	0
43588.4958	1
43598.3064	0
43608.1170	0
43617.9276	0
43627.7382	0
43637.5488	0
43647.3594	0
43657.1700	0
43666.9806	0
43676.7912	0
43686.6018	0
43696.4124	0
43706.2230	0
43716.0336	0
43725.8442	0
43735.6548	0
43745.4654	0
43755.2760	0
43765.0866	0
43774.8972	0
43784.7078	0
43794.5184	0
43804.3290	0
43814.1396	0
43823.9502	0
43833.7608	0
43843.5714	0
43853.3820	0
43863.1926	0
43873.0032	0
43882.8138	0
43892.6244	0
43902.4350	0
43912.2456	0
43922.0562	0
43931.8668	0
43941.6774	0
43951.4880	0
43961.2986	0
43971.1092	0
43980.9198	0
43990.7304	0
44000.5410	0
44010.3516	0
44020.1622	0
44029.9728	0
44039.7834	0
44049.5940	0
44059.4046	0
44069.2152	0
44079.0258	0
44088.8364	0
44098.6470	0
44108.4576	0
44118.2682	0
44128.0788	0
44137.8894	0
44147.7000	0
44157.5106	0
44167.3212	0
44177.1318	0
44186.9424	0
44196.7530	0
44206.5636	0
44216.3742	0
44226.1848	0
44235.9954	0
44245.8060	0
44255.6166	0
44265.4272	0
44275.2378	0
44285.0484	0
44294.8590	0
44304.6696	0
44314.4802	0
44324.2908	0
44334.1014	0
44343.9120	0
44353.7226	0
44363.5332	0
44373.3438	0
44383.1544	0
44392.9650	0
44402.7756	0
44412.5862	0
44422.3968	0
44432.2074	0
44442.0180	0
44451.8286	0
44461.6392	0
44471.4498	0
44481.2604	0
44491.0710	0
44500.8816	0
44510.6922	0
44520.5028	0
44530.3134	0
44540.1240	0
44549.9346	0
44559.7452	0
44569.5558	0
44579.3664	0
44589.1770	0
44598.9876	0
44608.7982	0
44618.6088	0
44628.4194	0
44638.2300	0
44648.0406	0
44657.8512	0
44667.6618	0
44677.4724	0
44687.2830	0
44697.0936	0
44706.9042	0
44716.7148	0
44726.5254	0
44736.3360	0
44746.1466	0
44755.9572	0
44765.7678	0
44775.5784	0
44785.3890	0
44795.1996	0
44805.0102	0
44814.8208	0
44824.6314	0
44834.4420	0
44844.2526	0
44854.0632	0
44863.8738	0
44873.6844	0
44883.4950	0
44893.3056	0
44903.1162	0
44912.9268	0
44922.7374	0
44932.5480	0
44942.3586	0
44952.1692	0
44961.9798	0
44971.7904	0
44981.6010	0
44991.4116	0
45001.2222	0
45011.0328	0
45020.8434	0
45030.6540	0
45040.4646	0
45050.2752	0
45060.0858	0
45069.8964	0
45079.7070	0
45089.5176	0
45099.3282	0
45109.1388	0
45118.9494	0
45128.7600	0
45138.5706	0
45148.3812	0
45158.1918	0
45168.0024	0
45177.8130	0
45187.6236	0
45197.4342	0
45207.2448	0
45217.0554	0
45226.8660	0
45236.6766	0
45246.4872	0
45256.2978	0
45266.1084	0
45275.9190	0
45285.7296	0
45295.5402	0
45305.3508	0
45315.1614	0
45324.9720	0
45334.7826	0
45344.5932	0
45354.4038	0
45364.2144	0
45374.0250	0
45383.8356	0
45393.6462	0
45403.4568	0
45413.2674	0
45423.0780	0
45432.8886	0
45442.6992	0
45452.5098	0
45462.3204	0
45472.1310	0
45481.9416	0
45491.7522	0
45501.5628	0
45511.3734	0
45521.1840	0
45530.9946	0
45540.8052	0
45550.6158	0
45560.4264	0
45570.2370	0
45580.0476	0
45589.8582	0
45599.6688	0
45609.4794	0
45619.2900	0
45629.1006	0
45638.9112	0
45648.7218	0
45658.5324	0
45668.3430	0
45678.1536	0
45687.9642	0
45697.7748	0
45707.5854	0
45717.3960	0
45727.2066	0
45737.0172	0
45746.8278	0
45756.6384	0
45766.4490	0
45776.2596	0
45786.0702	0
45795.8808	0
45805.6914	0
45815.5020	0
45825.3126	0
45835.1232	0
45844.9338	0
45854.7444	0
45864.5550	0
45874.3656	0
45884.1762	0
45893.9868	0
45903.7974	0
45913.6080	0
45923.4186	0
45933.2292	0
45943.0398	0
45952.8504	0
45962.6610	0
45972.4716	0
45982.2822	0
45992.0928	0
46001.9034	0
46011.7140	0
46021.5246	0
46031.3352	0
46041.1458	0
46050.9564	0
46060.7670	0
46070.5776	1
46080.3882	0
46090.1988	0
46100.0094	0
46109.8200	0
46119.6306	0
46129.4412	0
46139.2518	0
46149.0624	0
46158.8730	0
46168.6836	0
46178.4942	0
46188.3048	0
46198.1154	0
46207.9260	0
46217.7366	0
46227.5472	0
46237.3578	0
46247.1684	0
46256.9790	0
46266.7896	0
46276.6002	0
46286.4108	0
46296.2214	0
46306.0320	0
46315.8426	0
46325.6532	0
46335.4638	0
46345.2744	0
46355.0850	0
46364.8956	0
46374.7062	0
46384.5168	0
46394.3274	0
46404.1380	0
46413.9486	0
46423.7592	0
46433.5698	0
46443.3804	0
46453.1910	0
46463.0016	0
46472.8122	0
46482.6228	0
46492.4334	0
46502.2440	0
46512.0546	0
46521.8652	0
46531.6758	0
46541.4864	0
46551.2970	0
46561.1076	0
46570.9182	0
46580.7288	0
46590.5394	0
46600.3500	0
46610.1606	0
46619.9712	0
46629.7818	0
46639.5924	0
46649.4030	0
46659.2136	0
46669.0242	0
46678.8348	0
46688.6454	0
46698.4560	0
46708.2666	0
46718.0772	0
46727.8878	0
46737.6984	0
46747.5090	0
46757.3196	0
46767.1302	0
46776.9408	0
46786.7514	0
46796.5620	0
46806.3726	0
46816.1832	0
46825.9938	0
46835.8044	0
46845.6150	0
46855.4256	0
46865.2362	0
46875.0468	0
46884.8574	0
46894.6680	0
46904.4786	0
46914.2892	0
46924.0998	0
46933.9104	0
46943.7210	0
46953.5316	0
46963.3422	0
46973.1528	0
46982.9634	0
46992.7740	0
47002.5846	0
47012.3952	0
47022.2058	0
47032.0164	0
47041.8270	0
47051.6376	0
47061.4482	0
47071.2588	0
47081.0694	0
47090.8800	0
47100.6906	0
47110.5012	0
47120.3118	0
47130.1224	0
47139.9330	0
47149.7436	0
47159.5542	0
47169.3648	0
47179.1754	0
47188.9860	0
47198.7966	0
47208.6072	0
47218.4178	0
47228.2284	0
47238.0390	0
47247.8496	0
47257.6602	0
47267.4708	0
47277.2814	0
47287.0920	0
47296.9026	0
47306.7132	0
47316.5238	0
47326.3344	0
47336.1450	0
47345.9556	0
47355.7662	0
47365.5768	0
47375.3874	0
47385.1980	0
47395.0086	0
47404.8192	0
47414.6298	0
47424.4404	0
47434.2510	0
47444.0616	0
47453.8722	0
47463.6828	0
47473.4934	0
47483.3040	0
47493.1146	0
47502.9252	0
47512.7358	0
47522.5464	0
47532.3570	0
47542.1676	0
47551.9782	0
47561.7888	0
47571.5994	0
47581.4100	0
47591.2206	0
47601.0312	0
47610.8418	0
47620.6524	0
47630.4630	0
47640.2736	0
47650.0842	0
47659.8948	0
47669.7054	0
47679.5160	0
47689.3266	0
47699.1372	0
47708.9478	0
47718.7584	0
47728.5690	0
47738.3796	0
47748.1902	0
47758.0008	0
47767.8114	0
47777.6220	0
47787.4326	0
47797.2432	0
47807.0538	0
47816.8644	0
47826.6750	0
47836.4856	0
47846.2962	0
47856.1068	0
47865.9174	0
47875.7280	0
47885.5386	0
47895.3492	0
47905.1598	0
47914.9704	0
47924.7810	0
47934.5916	0
47944.4022	0
47954.2128	0
47964.0234	0
47973.8340	0
47983.6446	0
47993.4552	0
48003.2658	0
48013.0764	0
48022.8870	0
48032.6976	0
48042.5082	0
48052.3188	0
48062.1294	0
48071.9400	0
48081.7506	0
48091.5612	0
48101.3718	0
48111.1824	0
48120.9930	0
48130.8036	0
48140.6142	0
48150.4248	0
48160.2354	0
48170.0460	0
48179.8566	0
48189.6672	0
48199.4778	0
48209.2884	0
48219.0990	0
48228.9096	0
48238.7202	0
48248.5308	0
48258.3414	0
48268.1520	0
48277.9626	0
48287.7732	0
48297.5838	0
48307.3944	0
48317.2050	0
48327.0156	0
48336.8262	0
48346.6368	0
48356.4474	0
48366.2580	0
48376.0686	0
48385.8792	0
48395.6898	0
48405.5004	0
48415.3110	0
48425.1216	0
48434.9322	0
48444.7428	0
48454.5534	0
48464.3640	0
48474.1746	0
48483.9852	0
48493.7958	0
48503.6064	0
48513.4170	0
48523.2276	0
48533.0382	0
48542.8488	0
48552.6594	0
48562.4700	0
48572.2806	0
48582.0912	0
48591.9018	0
48601.7124	0
48611.5230	0
48621.3336	0
48631.1442	0
48640.9548	0
48650.7654	0
48660.5760	0
48670.3866	0
48680.1972	0
48690.0078	0
48699.8184	0
48709.6290	0
48719.4396	0
48729.2502	0
48739.0608	0
48748.8714	0
48758.6820	0
48768.4926	0
48778.3032	0
48788.1138	0
48797.9244	0
48807.7350	0
48817.5456	0
48827.3562	0
48837.1668	0
48846.9774	0
48856.7880	0
48866.5986	0
48876.4092	0
48886.2198	0
48896.0304	0
48905.8410	0
48915.6516	0
48925.4622	0
48935.2728	0
48945.0834	0
48954.8940	0
48964.7046	0
48974.5152	0
48984.3258	0
48994.1364	0
49003.9470	0
49013.7576	0
49023.5682	0
49033.3788	0
49043.1894	1